
SYMMETRICAL COMPONENT CURRENTS BY CIRCUIT ELEMENT (first 3 phases)

Element             Term      I1         I2         %I2/I1    I0         %I0/I1   %Normal %Emergency

"VSOURCE.SOURCE" ..   1      238.91       74.975    31.38  2.5925E-012     0.00      0.00     0.00
   -                  2      238.91       74.975    31.38  2.5925E-012     0.00      0.00     0.00
"TRANSFORMER.SUBXF"   1      238.91       74.975    31.38  1.0823E-011     0.00    206.84   151.68
   -                  2      1103.4       346.27    31.38      345.52    31.31      0.00     0.00
"LINE.L1" .........   1      1103.4       346.27    31.38      345.52    31.31    445.88   297.25
   -                  2      1103.4       346.27    31.38      345.51    31.31      0.00     0.00
"LINE.L2" .........   1      1089.3       353.65    32.47      351.46    32.26    445.89   297.26
   -                  2      1089.3       353.65    32.47      351.46    32.26      0.00     0.00
"LINE.L3" .........   1        1075       361.01    33.58      357.68    33.27    445.89   297.26
   -                  2        1075       361.01    33.58      357.68    33.27      0.00     0.00
"LINE.L4" .........   1      12.338            0     0.00           0     0.00      3.08     2.06
   -                  2      12.366            0     0.00           0     0.00      0.00     0.00
"LINE.L5" .........   1      1066.8       366.03    34.31      358.69    33.62    445.90   297.27
   -                  2      1066.9       366.04    34.31      358.68    33.62      0.00     0.00
"LINE.L6" .........   1      1066.9       366.04    34.31      358.68    33.62    445.91   297.27
   -                  2        1067       366.04    34.31      358.66    33.61      0.00     0.00
"LINE.L7" .........   1      969.98       332.76    34.31      326.06    33.61    405.39   270.26
   -                  2      969.98       332.76    34.31      326.05    33.61      0.00     0.00
"LINE.L8" .........   1     0.99868            0     0.00           0     0.00      0.25     0.17
   -                  2      0.9987            0     0.00           0     0.00      0.00     0.00
"LINE.L9" .........   1      480.71       157.04    32.67      179.61    37.36    178.37   118.92
   -                  2      480.72       157.04    32.67      179.61    37.36      0.00     0.00
"LINE.L10" ........   1       0.898            0     0.00           0     0.00      0.22     0.15
   -                  2     0.89802            0     0.00           0     0.00      0.00     0.00
"LINE.L11" ........   1     0.39835            0     0.00           0     0.00      0.10     0.07
   -                  2     0.39837            0     0.00           0     0.00      0.00     0.00
"LINE.L12" ........   1      31.105            0     0.00           0     0.00      7.78     5.18
   -                  2      31.108            0     0.00           0     0.00      0.00     0.00
"LINE.L13" ........   1      457.78       143.54    31.35      164.14    35.85    162.48   108.32
   -                  2      457.79       143.54    31.35      164.14    35.85      0.00     0.00
"LINE.L14" ........   1      456.67       143.45    31.41      163.38    35.78    162.48   108.32
   -                  2      456.68       143.45    31.41      163.38    35.78      0.00     0.00
"LINE.L15" ........   1      444.73       142.62    32.07      163.38    36.74    160.04   106.69
   -                  2      444.73       142.62    32.07      163.38    36.74      0.00     0.00
"LINE.L16" ........   1      332.04       104.91    31.60      146.63    44.16    122.15    81.43
   -                  2      332.04       104.91    31.60      146.63    44.16      0.00     0.00
"LINE.L17" ........   1      109.81       30.918    28.16      35.886    32.68     39.34    26.23
   -                  2      109.81       30.919    28.16      35.887    32.68      0.00     0.00
"LINE.L18" ........   1      190.34       70.558    37.07      110.83    58.23     77.50    51.67
   -                  2      190.34       70.559    37.07      110.83    58.23      0.00     0.00
"LINE.L19" ........   1      17.399       8.5219    48.98      6.9999    40.23      6.60     4.40
   -                  2      17.402       8.5229    48.98      7.0013    40.23      0.00     0.00
"LINE.L20" ........   1      16.551       16.554   100.02      16.556   100.03     12.42     8.28
   -                  2      16.555       16.555   100.00      16.555   100.00      0.00     0.00
"LINE.L21" ........   1      190.36        70.52    37.05      110.82    58.22     77.50    51.67
   -                  2      190.36       70.521    37.05      110.82    58.22      0.00     0.00
"LINE.L22" ........   1      46.494       23.154    49.80      21.653    46.57     22.25    14.83
   -                  2      46.498       23.155    49.80      21.652    46.56      0.00     0.00
"LINE.L23" ........   1      26.326       12.871    48.89      9.1765    34.86     11.86     7.91
   -                  2       26.33       12.872    48.89      9.1746    34.85      0.00     0.00
"LINE.L24" ........   1      481.68       158.24    32.85      179.64    37.30    178.73   119.15
   -                  2      481.69       158.24    32.85      179.65    37.29      0.00     0.00
"LINE.L25" ........   1      402.11       128.38    31.93      147.02    36.56    143.84    95.89
   -                  2      402.11       128.38    31.93      147.03    36.56      0.00     0.00
"LINE.L26" ........   1       3.626            0     0.00           0     0.00      0.91     0.60
   -                  2      3.6295            0     0.00           0     0.00      0.00     0.00
"LINE.L27" ........   1      442.32       141.22    31.93      161.73    36.56    158.23   105.48
   -                  2      442.32       141.22    31.93      161.73    36.56      0.00     0.00
"LINE.L28" ........   1    0.044293            0     0.00           0     0.00      0.01     0.01
   -                  2    0.044408            0     0.00           0     0.00      0.00     0.00
"LINE.L29" ........   1      325.37       101.53    31.20      146.23    44.94    120.43    80.29
   -                  2      325.38       101.53    31.20      146.23    44.94      0.00     0.00
"LINE.L30" ........   1      52.468       27.851    53.08      20.828    39.70     24.55    16.37
   -                  2      52.472       27.852    53.08      20.827    39.69      0.00     0.00
"LINE.L31" ........   1       24.84            0     0.00           0     0.00      6.21     4.14
   -                  2      24.844            0     0.00           0     0.00      0.00     0.00
"LINE.L32" ........   1      421.45       141.48    33.57  0.00042708     0.00    129.76    86.51
   -                  2      421.45       141.48    33.57  6.2334E-013     0.00      0.00     0.00
"TRANSFORMER.XFM1"    1       70.41       23.638    33.57  6.6795E-005     0.00    679.98   498.65
   -                  2      421.45       141.48    33.57  0.00042708     0.00      0.00     0.00
"CAPACITOR.C844" ..   1      3.8917       1.3066    33.57      2.6182    67.27      0.00     0.00
   -                  2      3.8917       1.3066    33.57      2.6182    67.27      0.00     0.00
"CAPACITOR.C848" ..   1      5.8224       1.9539    33.56      3.9243    67.40      0.00     0.00
   -                  2      5.8224       1.9539    33.56      3.9243    67.40      0.00     0.00
"TRANSFORMER.REG1A"   1      1783.7            0     0.00           0     0.00    116.56    85.48
   -                  2      1621.6            0     0.00           0     0.00      0.00     0.00
"TRANSFORMER.REG1B"   1       786.4            0     0.00           0     0.00     51.39    37.68
   -                  2      714.91            0     0.00           0     0.00      0.00     0.00
"TRANSFORMER.REG1C"   1      634.91            0     0.00           0     0.00     41.49    30.42
   -                  2      577.19            0     0.00           0     0.00      0.00     0.00
"TRANSFORMER.REG2A"   1      143.76            0     0.00           0     0.00      9.39     6.89
   -                  2      130.69            0     0.00           0     0.00      0.00     0.00
"TRANSFORMER.REG2B"   1      632.91            0     0.00           0     0.00     41.36    30.33
   -                  2      575.37            0     0.00           0     0.00      0.00     0.00
"TRANSFORMER.REG2C"   1      551.36            0     0.00           0     0.00     36.03    26.42
   -                  2      501.24            0     0.00           0     0.00      0.00     0.00
"LOAD.S860" .......   1       26.81       8.9338    33.32      18.132    67.63      0.00     0.00
"LOAD.S840" .......   1      10.338       3.4542    33.41      7.0013    67.72      0.00     0.00
"LOAD.S844" .......   1      133.12       44.694    33.57      89.555    67.27      0.00     0.00
"LOAD.S848" .......   1      22.724       9.3611    41.19  4.783E-015     0.00      0.00     0.00
"LOAD.S830A" ......   1      4.5684            0     0.00           0     0.00      0.00     0.00
"LOAD.S830B" ......   1      6.6395            0     0.00           0     0.00      0.00     0.00
"LOAD.S830C" ......   1      10.156            0     0.00           0     0.00      0.00     0.00
"LOAD.S890" .......   1      421.45       141.49    33.57  5.1238E-014     0.00      0.00     0.00
"LOAD.D802_806SB" .   1      23.216            0     0.00           0     0.00      0.00     0.00
"LOAD.D802_806RB" .   1      23.542            0     0.00           0     0.00      0.00     0.00
"LOAD.D802_806SC" .   1      19.751            0     0.00           0     0.00      0.00     0.00
"LOAD.D802_806RC" .   1      20.109            0     0.00           0     0.00      0.00     0.00
"LOAD.D808_810SB" .   1      12.373            0     0.00           0     0.00      0.00     0.00
"LOAD.D808_810RB" .   1      12.366            0     0.00           0     0.00      0.00     0.00
"LOAD.D818_820SA" .   1     0.10071            0     0.00           0     0.00      0.00     0.00
"LOAD.D818_820RA" .   1    0.099927            0     0.00           0     0.00      0.00     0.00
"LOAD.D820_822SA" .   1     0.39975            0     0.00           0     0.00      0.00     0.00
"LOAD.D820_822RA" .   1     0.39837            0     0.00           0     0.00      0.00     0.00
"LOAD.D816_824SB" .   1      1.9319            0     0.00           0     0.00      0.00     0.00
"LOAD.D816_824RB" .   1      1.8936            0     0.00           0     0.00      0.00     0.00
"LOAD.D824_826SB" .   1      31.108            0     0.00           0     0.00      0.00     0.00
"LOAD.D824_826RB" .   1      31.108            0     0.00           0     0.00      0.00     0.00
"LOAD.D824_828SC" .   1      3.6471            0     0.00           0     0.00      0.00     0.00
"LOAD.D824_828RC" .   1       3.582            0     0.00           0     0.00      0.00     0.00
"LOAD.D828_830SA" .   1    0.059126            0     0.00           0     0.00      0.00     0.00
"LOAD.D828_830RA" .   1    0.077439            0     0.00           0     0.00      0.00     0.00
"LOAD.D854_856SB" .   1       3.629            0     0.00           0     0.00      0.00     0.00
"LOAD.D854_856RB" .   1      3.6295            0     0.00           0     0.00      0.00     0.00
"LOAD.D832_858SA" .   1    0.046031            0     0.00           0     0.00      0.00     0.00
"LOAD.D832_858RA" .   1    0.050418            0     0.00           0     0.00      0.00     0.00
"LOAD.D832_858SB" .   1     0.47101            0     0.00           0     0.00      0.00     0.00
"LOAD.D832_858RB" .   1      0.4647            0     0.00           0     0.00      0.00     0.00
"LOAD.D832_858SC" .   1      1.3565            0     0.00           0     0.00      0.00     0.00
"LOAD.D832_858RC" .   1      1.3436            0     0.00           0     0.00      0.00     0.00
"LOAD.D858_864SB" .   1     0.04441            0     0.00           0     0.00      0.00     0.00
"LOAD.D858_864RB" .   1    0.044408            0     0.00           0     0.00      0.00     0.00
"LOAD.D858_834SA" .   1     0.99224            0     0.00           0     0.00      0.00     0.00
"LOAD.D858_834RA" .   1     0.97262            0     0.00           0     0.00      0.00     0.00
"LOAD.D858_834SB" .   1      6.9096            0     0.00           0     0.00      0.00     0.00
"LOAD.D858_834RB" .   1       6.799            0     0.00           0     0.00      0.00     0.00
"LOAD.D858_834SC" .   1      2.8709            0     0.00           0     0.00      0.00     0.00
"LOAD.D858_834RC" .   1      2.8373            0     0.00           0     0.00      0.00     0.00
"LOAD.D834_860SA" .   1      3.7465            0     0.00           0     0.00      0.00     0.00
"LOAD.D834_860RA" .   1      3.7324            0     0.00           0     0.00      0.00     0.00
"LOAD.D834_860SB" .   1       6.794            0     0.00           0     0.00      0.00     0.00
"LOAD.D834_860RB" .   1      6.7693            0     0.00           0     0.00      0.00     0.00
"LOAD.D834_860SC" .   1      23.633            0     0.00           0     0.00      0.00     0.00
"LOAD.D834_860RC" .   1       23.54            0     0.00           0     0.00      0.00     0.00
"LOAD.D860_836SA" .   1      7.2438            0     0.00           0     0.00      0.00     0.00
"LOAD.D860_836RA" .   1      7.2114            0     0.00           0     0.00      0.00     0.00
"LOAD.D860_836SB" .   1      4.6392            0     0.00           0     0.00      0.00     0.00
"LOAD.D860_836RB" .   1      4.6264            0     0.00           0     0.00      0.00     0.00
"LOAD.D860_836SC" .   1      9.0751            0     0.00           0     0.00      0.00     0.00
"LOAD.D860_836RC" .   1      9.0638            0     0.00           0     0.00      0.00     0.00
"LOAD.D836_840SA" .   1      4.2523            0     0.00           0     0.00      0.00     0.00
"LOAD.D836_840RA" .   1      4.2484            0     0.00           0     0.00      0.00     0.00
"LOAD.D836_840SB" .   1      8.5007            0     0.00           0     0.00      0.00     0.00
"LOAD.D836_840RB" .   1      8.4936            0     0.00           0     0.00      0.00     0.00
"LOAD.D862_838SB" .   1      24.826            0     0.00           0     0.00      0.00     0.00
"LOAD.D862_838RB" .   1      24.844            0     0.00           0     0.00      0.00     0.00
"LOAD.D842_844SA" .   1     0.23093            0     0.00           0     0.00      0.00     0.00
"LOAD.D842_844RA" .   1     0.24019            0     0.00           0     0.00      0.00     0.00
"LOAD.D844_846SB" .   1       22.22            0     0.00           0     0.00      0.00     0.00
"LOAD.D844_846RB" .   1      22.272            0     0.00           0     0.00      0.00     0.00
"LOAD.D844_846SC" .   1      18.546            0     0.00           0     0.00      0.00     0.00
"LOAD.D844_846RC" .   1      18.532            0     0.00           0     0.00      0.00     0.00
"LOAD.D846_848SB" .   1      20.476            0     0.00           0     0.00      0.00     0.00
"LOAD.D846_848RB" .   1      20.498            0     0.00           0     0.00      0.00     0.00
"FAULT.F1" ........   1      1467.5            0     0.00           0     0.00      0.00     0.00
   -                  2      1467.5            0     0.00           0     0.00      0.00     0.00
